01 1071 0 0
01 1410 0 0
01 1487 0 0
01 1523 0 0
01 1544 0 0
01 1572 0 0
01 1605 0 0
01 1657 0 0
01 1827 0 0
01 1938 0 0
01 2092 0 0
01 2218 0 0
01 2219 0 0
01 2344 0 0
01 2371 0 0
01 2380 0 0
01 2439 0 0
01 2501 0 0
01 2629 0 0
01 3174 0 0
02 2434 0 0
02 2863 0 0
02 3078 0 0
03 1046 0 0
03 1083 0 0
03 1122 0 0
03 1135 0 0
03 1149 0 0
03 1162 0 0
03 1173 0 0
03 1183 0 0
03 1215 0 0
03 1223 0 0
03 123 0 0
03 1234 0 0
03 1237 0 0
03 1247 0 0
03 1314 0 0
03 1323 0 0
03 1365 0 0
03 1454 0 0
03 1460 0 0
03 1464 0 0
03 1465 0 0
03 1496 0 0
03 1536 0 0
03 1542 0 0
03 1551 0 0
03 1552 0 0
03 1613 0 0
03 1629 0 0
03 1646 0 0
03 1647 0 0
03 1649 0 0
03 1676 0 0
03 1682 0 0
03 1706 0 0
03 1739 0 0
03 1788 0 0
03 1807 0 0
03 1988 0 0
03 205 0 0
03 2054 0 0
03 2059 0 0
03 2061 0 0
03 2064 0 0
03 2194 0 0
03 2423 0 0
03 2433 0 0
03 2534 0 0
03 2537 0 0
03 2667 0 0
03 2786 0 0
03 280 0 0
03 2811 0 0
03 2815 0 0
03 2820 0 0
03 2835 0 0
03 2897 0 0
03 2968 0 0
03 3024 0 0
03 3080 0 0
03 3094 0 0
03 3120 0 0
03 3189 0 0
03 3204 0 0
03 321 0 0
03 393 0 0
03 404 0 0
03 407 0 0
03 409 0 0
03 413 0 0
03 435 0 0
03 46 0 0
03 594 0 0
03 598 0 0
03 61 0 0
03 637 0 0
03 678 0 0
03 679 0 0
03 718 0 0
03 719 0 0
03 730 0 0
03 799 0 0
03 857 0 0
03 98 0 0
03 990 0 0
04 1108 0 0
04 1657 0 0
04 1748 0 0
04 1753 0 0
04 1810 0 0
04 2020 0 0
04 2138 0 0
04 2247 0 0
04 2341 0 0
04 2376 0 0
04 2470 0 0
04 2626 0 0
04 2657 0 0
04 2703 0 0
04 2849 0 0
04 2864 0 0
04 2869 0 0
04 2912 0 0
04 2921 0 0
04 2945 0 0
04 3027 0 0
04 3101 0 0
04 3128 0 0
04 79 0 0